0 0.871291 0.188482 0.192845 0.285340
0 0.845550 0.490183 0.045375 0.066754
0 0.846422 0.563482 0.050611 0.077225
0 0.701571 0.611257 0.033159 0.052356
0 0.698953 0.555628 0.047120 0.058901
0 0.178883 0.267670 0.148342 0.087696
0 0.359511 0.268325 0.102967 0.086387
0 0.540140 0.269634 0.144852 0.083770
0 0.746510 0.300393 0.054974 0.032723
0 0.543194 0.369110 0.023560 0.031414
0 0.542321 0.398560 0.016579 0.027487
1 0.541012 0.442408 0.026178 0.054974
1 0.414049 0.460733 0.013089 0.044503
1 0.636562 0.342277 0.032286 0.014398
1 0.748691 0.336387 0.029668 0.018325
0 0.819808 0.369764 0.023560 0.030105